3,2
3,1
3,3
10,294
10,244
10,173
10,30
10,290
10,33
10,107
10,1
10,72
10,2
10,3
11,5
11,14
11,15
11,21
11,23
11,6
11,24
11,1
11,10
11,2
11,3
9,7
9,6
9,1
9,4
9,2
9,3
8,7
8,14
8,11
8,12
8,15
8,4
8,1
8,5
8,2
8,3
12,2
12,1
12,3
20,2
20,1
20,3
19,2
19,1
19,3
18,1
18,3
14,1
14,3
13,1
13,3
2,2
2,1
2,3
0,0
52,34
52,33
52,32
52,31
52,30
52,29
52,28
52,27
52,26
52,25
52,24
52,23
52,22
52,21
52,20
52,19
52,18
52,17
52,16
52,15
52,14
52,13
52,12
52,11
52,10
52,9
52,8
52,7
52,6
52,5
52,4
52,3
52,2
52,0
0,276
